+--------------+-----------+
| [38;2;0;255;95;01mpulocationid[39;00m | [38;2;0;255;95;01mnum_trips[39;00m |
|--------------+-----------|
| 74           | 15        |
| 74           | 15        |
| 74           | 15        |
| 74           | 15        |
| 74           | 15        |
| 74           | 15        |
| 74           | 15        |
| 74           | 15        |
| 74           | 14        |
| 74           | 14        |
| 74           | 14        |
| 74           | 14        |
| 74           | 14        |
| 74           | 14        |
| 74           | 14        |
| 74           | 14        |
| 74           | 13        |
| 74           | 13        |
| 74           | 13        |
| 74           | 13        |
+--------------+-----------+
SELECT 20
